1457074080
1073615282
1538574736
1386663896
1255385068
1356781215
1285701136
1093783672
1134562770
1386753648
1467604801
1205896115
1851345672
1124346028
1871934182
1801853205
1508214016
1447364203
1508893314
1811330442
1972984482
1336197870
1255772190
1265548630
1578669297
1922425487
1225065345
1487614392
1992719777
1295988079
1194749630
1295360105
1467412205
1588098719
1225050297
1598861254
1669815221
1518062215
1740397017
1619070661
1851310254
1467898205
1255774808
1740258235
1730199241
1871939728
1396997318
1528087939
1710906128
1659727691
1245527753
1669827028
1598729253
1912010471
1487676458
1144242256
1053375790
1043321730
1851416325
1891718532
1275952921
1639515398
1881988665
1992023493
1699738328
1548635477
1164809729
1669440236
1144283870
1598733008
1972571479
1245679240
1396030011
1699038349
1396764650
1679505721
1568426211
1326497686
1639519523
1205891181
1487770574
1821359134
1720047822
1568906659
1568422343